[(39, 1.0, 4.0), (21, 4.23, 0.97), (0.043, None, None)]
[(0, 1.0, 4.0)]

[(12, 5.03, 0.97), (38, 5.03, 0.97), (21, 5.8, 0.97), (0.087, None, 1)]
[(0, 5.03, 1.47)]

[(39, 6.03, 0.97), (21, 6.3, 3.37), (0.13, None, 1)]
[(0, 6.03, 8.73)]

[(40, 7.03, 3.37), (21, 9.8, 3.37), (0.174, None, 1)]
[(0, 7.03, 3.37)]

[(12, 10.03, 0.97), (38, 10.03, 0.97), (21, 11.0, 0.67), (0.217, None, 1)]
[(0, 10.03, 0.97)]

[(40, 11.03, 4.93), (0.261, None, 1)]
[(0, 11.03, 4.93)]

[(13, 14.03, 1.97), (38, 14.03, 1.97), (21, 15.06, 0.33), (0.304, None, 1)]
[(0, 14.03, 8.73)]

[(8, 16.03, 0.97), (39, 16.03, 0.97), (0.348, None, 1)]
[(0, 16.03, 0.97)]

[(13, 17.03, 0.97), (38, 19.06, 5.8999999999999995), (0.391, None, 1), (13, 19.06, 4.93), (0.478, None, 1)]
[(0, 17.03, 0.97), (0, 19.06, 4.93)]

[(39, 24.03, 0.97), (0.522, None, 1)]
[(0, 24.03, 2.27)]

[(41, 25.03, 2.97), (12, 25.03, 2.97), (21, 26.66, 1.77), (0.565, None, 1)]
[(0, 25.03, 2.97)]

[(39, 28.03, 2.97), (0.609, None, 1)]
[(0, 28.03, 2.97)]

[(12, 31.03, 0.97), (38, 31.03, 0.97), (21, 31.43, 0.7), (0.652, None, 1)]
[(0, 31.03, 0.97)]

[(3, 32.03, 23.96), (8, 32.03, 23.96), (39, 32.03, 23.96), (0.696, None, 1)]
[(16, 39.46, 0.33), (16, 40.26, 0.73)]

[(12, 56.02, 2.97), (38, 56.02, 2.97), (0.739, 1, 1)]
[(0, 56.02, 2.97)]

[(41, 59.06, 0.93), (12, 59.06, 0.93), (0.783, 1, 1)]
[(0, 59.06, 0.93)]

[(39, 60.02, 1.97), (0.826, 1, 1)]
[(0, 60.02, 1.97)]

[(12, 62.02, 0.97), (38, 62.02, 0.97), (0.87, 1, 1)]
[(0, 62.02, 8.03)]

[(40, 63.02, 1.97), (8, 63.02, 1.97), (0.913, 1, 1)]
[(16, 64.22, 1.2)]

[(8, 65.02, 19.96), (39, 65.02, 19.96), (0.957, 1, 1)]
[(16, 66.09, 1.2)]

