[(39, 40.03, 7.97), (27, 41.23, 1.1), (27, 41.23, 1.1), (21, 41.26, 1.03), (21, 41.26, 1.03), (31, 41.3, 0.97), (0.012, None, None)]
[(16, 42.43, 2.27), (26, 42.46, 2.2), (26, 42.46, 2.2), (30, 42.46, 1.07), (30, 42.46, 1.07), (16, 43.63, 0.7)]

[(13, 48.03, 11.97), (38, 48.03, 11.97), (31, 48.43, 0.47), (0.025, 0, 0)]
[(26, 51.43, 0.73), (26, 51.43, 0.73), (16, 51.43, 1.23), (30, 52.03, 0.53), (30, 52.03, 0.57)]

[(41, 60.03, 1.47), (13, 60.03, 0.97), (21, 60.06, 1.47), (31, 60.13, 1.4), (31, 60.13, 1.4), (0.037, 0, 0)]
[(0, 60.03, 1.47)]

[(8, 61.03, 10.97), (39, 73.03, 17.94), (21, 70.36, 1.47), (31, 70.36, 1.4), (31, 70.39, 1.4), (27, 70.43, 1.3), (27, 70.43, 1.43), (0.049, 0, 0), (8, 73.03, 6.97), (21, 78.49, 2.37), (31, 78.49, 2.4), (31, 78.49, 2.4), (27, 78.83, 1.07), (27, 78.83, 1.07), (0.074, 0, 0)]
[(26, 62.36, 0.5), (26, 62.36, 0.5), (16, 62.36, 0.5), (16, 62.43, 0.4), (30, 62.43, 0.43), (30, 62.43, 0.43), (16, 73.46, 1.23), (16, 73.66, 1.07), (30, 73.66, 1.0), (26, 73.69, 1.0), (26, 73.69, 1.0), (30, 73.69, 0.97)]

[(40, 80.03, 0.97), (8, 80.03, 0.97), (0.086, 0, 0)]
[(0, 80.03, 0.97)]

[(11, 81.03, 13.97), (38, 81.03, 13.97), (21, 81.46, 0.53), (31, 81.46, 0.53), (31, 81.46, 0.5), (0.099, 0, 0)]
[(0, 81.03, 13.97)]

[(41, 95.03, 1.4), (11, 95.03, 0.97), (21, 95.06, 0.9), (31, 95.06, 1.0), (31, 95.06, 1.4), (0.111, 0, 0)]
[(0, 95.03, 1.4)]

[(39, 96.03, 3.97), (31, 96.19, 1.0), (0.123, 0, 0)]
[(16, 99.73, 1.03)]

[(11, 100.03, 2.97), (38, 100.03, 2.97), (0.136, 1, 0)]
[(26, 100.93, 0.63), (26, 101.03, 1.1), (16, 101.03, 1.03)]

[(41, 103.03, 1.97), (11, 103.03, 1.97), (0.148, 0, 0)]
[(0, 103.03, 1.97)]

[(39, 105.03, 12.96), (0.16, 0, 0)]
[(26, 105.93, 0.8), (26, 105.93, 0.8)]

[(40, 118.03, 0.97), (0.173, 0, 0)]
[(26, 118.26, 0.33), (30, 118.29, 0.33), (30, 118.29, 0.43)]

[(13, 119.03, 3.97), (38, 119.03, 3.97), (31, 121.86, 0.8), (27, 121.96, 0.67), (21, 121.96, 0.7), (31, 121.96, 0.93), (21, 122.19, 0.87), (0.185, 0, 0)]
[(0, 119.03, 3.97)]

[(41, 123.02, 0.97), (13, 123.02, 0.97), (21, 123.26, 0.87), (31, 123.99, 0.97), (0.198, 0, 0)]
[(0, 123.02, 0.97)]

[(8, 124.02, 3.97), (39, 124.02, 3.97), (21, 124.02, 0.9), (31, 124.02, 0.97), (27, 124.06, 0.87), (31, 125.89, 0.97), (21, 127.36, 0.5), (0.21, 0, 0)]
[(16, 126.32, 0.9), (26, 126.39, 0.83), (30, 126.39, 0.87), (30, 126.39, 0.87), (26, 126.42, 0.8), (16, 126.59, 0.6)]

[(13, 128.02, 15.97), (38, 128.02, 15.97), (21, 128.26, 2.7), (21, 128.26, 2.77), (27, 136.59, 3.7), (27, 136.59, 3.73), (0.222, 0, 0)]
[(26, 131.42, 3.53), (26, 131.42, 3.57), (16, 131.56, 0.37), (30, 131.76, 3.2), (30, 131.76, 3.2)]

[(41, 144.02, 0.93), (13, 144.02, 0.93), (0.235, 0, 0)]
[(0, 144.02, 0.93)]

[(40, 145.02, 4.27), (8, 145.02, 3.97), (21, 147.39, 0.53), (27, 147.39, 4.27), (27, 147.39, 4.27), (21, 147.39, 0.43), (31, 147.39, 0.43), (31, 147.39, 0.43), (0.247, 0, 0)]
[(0, 145.02, 4.27)]

[(13, 149.02, 12.97), (38, 163.06, 13.9), (21, 150.22, 1.0), (31, 152.92, 4.83), (31, 152.92, 4.83), (27, 152.96, 4.27), (21, 152.96, 4.8), (27, 153.06, 4.27), (0.259, 0, 0), (13, 163.06, 0.93), (0.284, 0, 0)]
[(0, 149.02, 12.97), (0, 163.06, 0.93)]

[(41, 164.05, 0.93), (13, 164.06, 0.93), (0.296, 0, 0)]
[(0, 164.05, 0.93)]

[(40, 165.02, 0.97), (8, 165.02, 0.97), (0.309, 0, 0)]
[(0, 165.02, 0.97)]

[(8, 166.02, 2.97), (39, 166.02, 2.97), (0.321, 0, 0)]
[(16, 166.59, 0.77), (30, 166.92, 0.37), (30, 166.92, 0.37)]

[(13, 169.02, 0.97), (38, 172.02, 11.940000000000001), (0.333, 1, 0), (13, 172.02, 10.97), (31, 172.92, 1.0), (27, 174.49, 0.7), (27, 174.49, 0.9), (0.358, 1, 0)]
[(0, 169.02, 0.97), (0, 172.02, 10.97)]

[(41, 183.02, 0.97), (13, 183.02, 0.97), (31, 183.59, 0.33), (31, 183.59, 0.33), (0.37, 1, 0)]
[(0, 183.02, 0.97)]

[(39, 184.02, 7.97), (0.383, 1, 0)]
[(26, 184.55, 1.87), (16, 184.55, 2.07), (30, 184.55, 1.8), (30, 184.55, 1.8), (16, 184.59, 1.67), (26, 184.62, 1.8)]

[(12, 192.02, 0.97), (38, 192.02, 0.97), (0.395, 0, 0)]
[(30, 192.85, 0.83), (30, 192.85, 0.83)]

[(41, 193.02, 0.97), (12, 193.02, 0.97), (0.407, 0, 0)]
[(0, 193.02, 0.97)]

[(39, 194.02, 10.97), (21, 200.12, 0.33), (27, 200.12, 0.93), (27, 200.12, 0.93), (21, 200.12, 0.33), (31, 201.68, 0.77), (0.42, 0, 0)]
[(30, 194.02, 1.7), (26, 194.05, 1.77), (16, 196.72, 0.6), (16, 198.35, 5.4)]

[(12, 205.05, 1.93), (38, 205.05, 1.93), (27, 206.75, 4.6), (27, 206.75, 4.6), (0.432, 1, 0)]
[(0, 205.05, 4.6)]

[(39, 207.02, 14.97), (27, 207.35, 0.47), (27, 207.35, 0.47), (21, 207.42, 1.0), (31, 220.15, 0.67), (31, 220.15, 1.27), (0.444, 1, 0)]
[(16, 209.29, 0.43)]

[(12, 222.02, 0.97), (38, 222.02, 0.97), (0.457, 1, 0)]
[(0, 222.02, 0.97)]

[(8, 223.02, 2.97), (39, 227.02, 10.94), (27, 223.08, 1.0), (27, 223.08, 1.0), (21, 223.08, 0.93), (31, 223.08, 0.5), (21, 223.18, 0.83), (0.469, 1, 0), (8, 227.02, 7.97), (0.494, 1, 0)]
[(0, 223.02, 2.97), (16, 227.75, 1.8), (26, 227.85, 1.53), (26, 227.85, 1.57), (16, 228.75, 1.5), (30, 228.88, 1.43), (30, 228.95, 1.43), (16, 231.48, 2.37)]

[(8, 236.02, 3.97), (39, 236.02, 3.97), (27, 239.88, 0.7), (27, 239.88, 0.7), (0.519, 0, 0)]
[(16, 236.38, 0.4), (26, 236.38, 0.8), (26, 236.38, 0.8), (16, 236.38, 0.73), (30, 236.58, 0.57)]

[(12, 240.02, 0.93), (38, 240.02, 0.93), (0.531, 0, 0)]
[(0, 240.02, 0.93)]

[(41, 241.02, 0.93), (12, 241.02, 0.93), (0.543, 0, 0)]
[(0, 241.02, 0.93)]

[(39, 242.02, 4.97), (0.556, 0, 0)]
[(0, 242.02, 4.97)]

[(40, 247.05, 0.93), (27, 247.85, 0.4), (21, 247.85, 0.4), (31, 247.88, 0.37), (31, 247.91, 0.33), (0.568, 0, 0)]
[(0, 247.05, 0.93)]

[(11, 248.01, 7.93), (38, 257.01, 12.899999999999999), (27, 248.71, 0.4), (21, 248.71, 0.4), (31, 248.75, 0.37), (31, 248.78, 0.33), (0.58, 0, 0), (11, 257.01, 4.97), (0.605, 0, 0)]
[(0, 248.01, 7.93), (0, 257.01, 4.97)]

[(41, 262.01, 0.97), (11, 262.01, 0.97), (21, 262.78, 0.37), (31, 262.78, 0.37), (31, 262.78, 0.37), (0.617, 0, 0)]
[(0, 262.01, 0.97)]

[(8, 263.01, 8.97), (39, 263.01, 8.97), (21, 267.11, 0.37), (31, 267.15, 0.37), (31, 267.51, 0.37), (0.63, 0, 0)]
[(16, 264.31, 0.87), (26, 264.31, 1.0), (16, 266.01, 0.57)]

[(40, 272.01, 0.97), (8, 272.01, 0.97), (21, 272.71, 0.5), (0.642, 1, 0)]
[(0, 272.01, 0.97)]

[(31, 273.05, 0.7), (11, 273.05, 9.9), (38, 273.05, 9.9), (31, 273.08, 0.67), (21, 273.25, 0.5), (0.654, 1, 1)]
[(0, 273.05, 9.9)]

[(8, 283.01, 13.93), (39, 283.01, 13.93), (21, 283.31, 0.33), (31, 283.31, 0.33), (31, 283.31, 0.33), (21, 295.45, 1.0), (27, 295.45, 1.1), (27, 295.45, 1.1), (0.667, 1, 0)]
[(0, 283.01, 13.93)]

[(40, 297.01, 2.83), (8, 297.01, 0.93), (21, 297.71, 2.83), (31, 297.71, 1.1), (31, 297.71, 1.3), (0.679, 1, 0)]
[(0, 297.01, 2.83)]

[(11, 298.01, 7.97), (38, 298.01, 7.97), (21, 298.88, 0.73), (31, 298.88, 0.73), (31, 298.88, 0.73), (0.691, 1, 1)]
[(0, 298.01, 7.97)]

[(39, 329.04, 35.9), (21, 306.48, 0.43), (31, 306.48, 0.43), (31, 306.48, 0.43), (21, 310.34, 1.3), (0.704, 1, 0), (8, 329.04, 13.93), (21, 339.81, 0.87), (31, 339.81, 0.83), (31, 339.81, 0.83), (21, 341.11, 0.73), (0.728, 1, 1)]
[(0, 306.01, 21.97), (16, 329.08, 0.8)]

[(40, 343.04, 2.4), (8, 343.04, 0.93), (27, 343.44, 1.2), (27, 343.44, 1.2), (21, 343.54, 0.5), (21, 343.74, 2.4), (31, 343.74, 2.27), (31, 343.74, 2.27), (0.741, 1, 0)]
[(0, 343.04, 2.4)]

[(11, 344.04, 6.9), (38, 344.04, 6.9), (31, 344.27, 0.33), (31, 345.04, 1.17), (27, 345.98, 2.13), (27, 345.98, 2.13), (21, 345.98, 1.83), (0.753, 1, 0)]
[(0, 344.04, 6.9)]